#NUMBER OF AGES= 1 MAGS= 5
#----------------------------------------------------       
#MIX-LEN  Y      Z          Zeff        [Fe/H] [a/Fe]
# 1.9380  0.2734 1.8453E-02 1.8453E-02   0.06   0.00 
#----------------------------------------------------       
#**PHOTOMETRIC SYSTEM**: SDSS (AB)
#----------------------------------------------------       
#AGE=10.000 EEPS=268
#EEP   M/Mo    LogTeff  LogG   LogL/Lo sdss_u  sdss_g  sdss_r  sdss_i  sdss_z
  12  0.115684  3.5051  5.2437 -2.7686 17.8523 14.7198 13.2143 11.9527 11.2323
  13  0.136016  3.5052  5.1737 -2.6278 17.4462 14.3583 12.8617 11.6025 10.8819
  14  0.162485  3.5070  5.1091 -2.4787 16.9792 13.9463 12.4636 11.2211 10.5083
  15  0.188906  3.5114  5.0681 -2.3550 16.5364 13.5599 12.0963 10.8887 10.1946
  16  0.208177  3.5144  5.0414 -2.2740 16.2469 13.3053 11.8549 10.6706  9.9895
  17  0.223796  3.5168  5.0213 -2.2130 16.0305 13.1137 11.6735 10.5066  9.8353
  18  0.238567  3.5190  5.0037 -2.1589 15.8390 12.9434 11.5123 10.3610  9.6988
  19  0.254656  3.5212  4.9862 -2.1040 15.6475 12.7710 11.3493 10.2132  9.5601
  20  0.275692  3.5241  4.9663 -2.0382 15.4194 12.5640 11.1538 10.0361  9.3940
  21  0.293235  3.5264  4.9507 -1.9865 15.2415 12.4015 11.0003  9.8970  9.2636
  22  0.303390  3.5277  4.9409 -1.9568 15.1406 12.3092 10.9129  9.8175  9.1889
  23  0.310055  3.5285  4.9344 -1.9376 15.0768 12.2505 10.8573  9.7665  9.1409
  24  0.314912  3.5290  4.9297 -1.9239 15.0309 12.2082 10.8173  9.7299  9.1064
  25  0.318617  3.5296  4.9259 -1.9131 14.9951 12.1752 10.7861  9.7014  9.0794
  26  0.321495  3.5299  4.9230 -1.9050 14.9684 12.1506 10.7627  9.6798  9.0591
  27  0.323958  3.5302  4.9208 -1.8983 14.9456 12.1295 10.7428  9.6617  9.0421
  28  0.326435  3.5305  4.9183 -1.8912 14.9224 12.1080 10.7225  9.6431  9.0246
  29  0.329421  3.5309  4.9164 -1.8839 14.8971 12.0846 10.7003  9.6231  9.0061
  30  0.333272  3.5313  4.9140 -1.8747 14.8658 12.0554 10.6727  9.5983  8.9829
  31  0.338843  3.5320  4.9112 -1.8621 14.8229 12.0153 10.6348  9.5643  8.9513
  32  0.347933  3.5331  4.9069 -1.8418 14.7531 11.9500 10.5729  9.5092  8.9004
  33  0.431898  3.5475  4.8351 -1.6183 13.9802 11.2162  9.8772  8.8976  8.3429
  34  0.456218  3.5528  4.8115 -1.5499 13.7459 10.9866  9.6583  8.7065  8.1728
  35  0.475163  3.5573  4.7922 -1.4947 13.5582 10.7983  9.4772  8.5517  8.0366
  36  0.490878  3.5615  4.7760 -1.4478 13.3987 10.6351  9.3191  8.4209  7.9223
  37  0.504764  3.5654  4.7621 -1.4060 13.2560 10.4864  9.1744  8.3037  7.8209
  38  0.516226  3.5689  4.7508 -1.3708 13.1356 10.3592  9.0501  8.2046  7.7360
  39  0.526700  3.5724  4.7406 -1.3382 13.0239 10.2397  8.9329  8.1113  7.6571
  40  0.537847  3.5762  4.7299 -1.3030 12.9039 10.1096  8.8048  8.0106  7.5727
  41  0.551280  3.5810  4.7172 -1.2605 12.7579  9.9500  8.6469  7.8879  7.4712
  42  0.566766  3.5869  4.7029 -1.2109 12.5843  9.7588  8.4566  7.7430  7.3531
  43  0.583064  3.5934  4.6884 -1.1577 12.4016  9.5534  8.2555  7.5888  7.2273
  44  0.599000  3.6001  4.6749 -1.1055 12.2272  9.3524  8.0647  7.4391  7.1030
  45  0.614028  3.6068  4.6629 -1.0561 12.0513  9.1547  7.8771  7.2952  6.9865
  46  0.628624  3.6137  4.6520 -1.0075 11.8706  8.9554  7.6897  7.1533  6.8732
  47  0.643287  3.6208  4.6418 -0.9586 11.6886  8.7548  7.5064  7.0120  6.7585
  48  0.657674  3.6281  4.6324 -0.9106 11.4908  8.5509  7.3265  6.8728  6.6449
  49  0.671216  3.6353  4.6242 -0.8650 11.2787  8.3514  7.1568  6.7408  6.5360
  50  0.683965  3.6421  4.6169 -0.8221 11.0554  8.1611  6.9998  6.6166  6.4316
  51  0.695971  3.6487  4.6102 -0.7817 10.8303  7.9817  6.8562  6.5005  6.3316
  52  0.702304  3.6520  4.6066 -0.7606 10.7070  7.8877  6.7827  6.4399  6.2786
  53  0.708577  3.6555  4.6032 -0.7395 10.5805  7.7944  6.7109  6.3803  6.2259
  54  0.714807  3.6589  4.5997 -0.7185 10.4517  7.7019  6.6406  6.3216  6.1734
  55  0.720989  3.6624  4.5964 -0.6977 10.3223  7.6106  6.5720  6.2637  6.1213
  56  0.727125  3.6656  4.5929 -0.6772 10.1950  7.5209  6.5048  6.2066  6.0696
  57  0.733215  3.6691  4.5893 -0.6567 10.0693  7.4330  6.4393  6.1504  6.0185
  58  0.739260  3.6723  4.5858 -0.6365  9.9455  7.3471  6.3752  6.0952  5.9678
  59  0.745246  3.6755  4.5820 -0.6166  9.8234  7.2636  6.3128  6.0410  5.9182
  60  0.751191  3.6786  4.5781 -0.5968  9.7034  7.1821  6.2515  5.9878  5.8691
  61  0.757086  3.6816  4.5741 -0.5771  9.5853  7.1022  6.1914  5.9352  5.8208
  62  0.762908  3.6846  4.5700 -0.5578  9.4690  7.0240  6.1325  5.8836  5.7732
  63  0.768661  3.6875  4.5658 -0.5385  9.3559  6.9478  6.0751  5.8329  5.7266
  64  0.774342  3.6904  4.5615 -0.5196  9.2468  6.8739  6.0189  5.7833  5.6808
  65  0.779947  3.6932  4.5572 -0.5010  9.1449  6.8024  5.9642  5.7347  5.6361
  66  0.785489  3.6959  4.5528 -0.4827  9.0465  6.7332  5.9110  5.6871  5.5922
  67  0.790956  3.6985  4.5483 -0.4648  8.9510  6.6664  5.8592  5.6407  5.5494
  68  0.796348  3.7010  4.5437 -0.4473  8.8554  6.6013  5.8087  5.5954  5.5077
  69  0.801668  3.7035  4.5391 -0.4301  8.7610  6.5385  5.7596  5.5512  5.4670
  70  0.806943  3.7058  4.5345 -0.4133  8.6685  6.4775  5.7118  5.5082  5.4272
  71  0.812174  3.7081  4.5299 -0.3967  8.5783  6.4182  5.6651  5.4660  5.3884
  72  0.817332  3.7103  4.5252 -0.3805  8.4912  6.3606  5.6197  5.4249  5.3503
  73  0.822408  3.7124  4.5204 -0.3645  8.4067  6.3046  5.5753  5.3848  5.3130
  74  0.827394  3.7145  4.5156 -0.3488  8.3245  6.2503  5.5321  5.3455  5.2764
  75  0.832282  3.7165  4.5109 -0.3334  8.2446  6.1973  5.4897  5.3070  5.2405
  76  0.837053  3.7184  4.5058 -0.3182  8.1674  6.1458  5.4483  5.2691  5.2053
  77  0.841713  3.7203  4.5009 -0.3033  8.0920  6.0956  5.4077  5.2319  5.1707
  78  0.846245  3.7221  4.4958 -0.2887  8.0190  6.0468  5.3681  5.1954  5.1367
  79  0.850665  3.7238  4.4906 -0.2742  7.9477  5.9992  5.3292  5.1595  5.1031
  80  0.854950  3.7255  4.4854 -0.2601  7.8782  5.9531  5.2912  5.1244  5.0702
  81  0.859140  3.7272  4.4801 -0.2461  7.8104  5.9082  5.2539  5.0898  5.0377
  82  0.863264  3.7287  4.4747 -0.2323  7.7439  5.8641  5.2172  5.0556  5.0055
  83  0.867300  3.7303  4.4693 -0.2187  7.6793  5.8209  5.1811  5.0219  4.9738
  84  0.871253  3.7317  4.4637 -0.2053  7.6166  5.7787  5.1457  4.9889  4.9426
  85  0.875134  3.7332  4.4582 -0.1921  7.5558  5.7372  5.1110  4.9564  4.9119
  86  0.878944  3.7345  4.4527 -0.1790  7.4970  5.6965  5.0769  4.9246  4.8817
  87  0.882682  3.7359  4.4470 -0.1662  7.4398  5.6566  5.0432  4.8933  4.8521
  88  0.886356  3.7372  4.4413 -0.1537  7.3844  5.6175  5.0103  4.8625  4.8229
  89  0.889969  3.7385  4.4355 -0.1412  7.3306  5.5793  4.9781  4.8322  4.7941
  90  0.893515  3.7397  4.4298 -0.1289  7.2786  5.5419  4.9464  4.8024  4.7657
  91  0.896998  3.7408  4.4239 -0.1168  7.2280  5.5053  4.9152  4.7732  4.7379
  92  0.900422  3.7419  4.4181 -0.1049  7.1788  5.4696  4.8846  4.7443  4.7104
  93  0.903775  3.7429  4.4123 -0.0932  7.1311  5.4346  4.8546  4.7160  4.6833
  94  0.907059  3.7439  4.4063 -0.0819  7.0850  5.4005  4.8252  4.6881  4.6567
  95  0.910269  3.7449  4.4005 -0.0706  7.0401  5.3671  4.7964  4.6609  4.6307
  96  0.913411  3.7458  4.3945 -0.0595  6.9965  5.3346  4.7681  4.6341  4.6049
  97  0.916490  3.7466  4.3887 -0.0486  6.9543  5.3027  4.7404  4.6078  4.5797
  98  0.919504  3.7475  4.3828 -0.0380  6.9133  5.2717  4.7133  4.5819  4.5550
  99  0.922464  3.7483  4.3769 -0.0275  6.8738  5.2414  4.6866  4.5566  4.5305
 100  0.925368  3.7490  4.3710 -0.0172  6.8348  5.2117  4.6605  4.5317  4.5065
 101  0.928224  3.7497  4.3651 -0.0071  6.7973  5.1829  4.6349  4.5071  4.4828
 102  0.931040  3.7504  4.3591  0.0029  6.7607  5.1546  4.6097  4.4829  4.4593
 103  0.933823  3.7511  4.3532  0.0126  6.7253  5.1268  4.5849  4.4591  4.4363
 104  0.936575  3.7517  4.3473  0.0223  6.6908  5.0997  4.5605  4.4357  4.4135
 105  0.939306  3.7522  4.3413  0.0318  6.6572  5.0730  4.5365  4.4125  4.3910
 106  0.942013  3.7528  4.3353  0.0412  6.6246  5.0470  4.5128  4.3896  4.3688
 107  0.944693  3.7533  4.3292  0.0505  6.5928  5.0213  4.4895  4.3670  4.3468
 108  0.947329  3.7537  4.3232  0.0597  6.5620  4.9963  4.4665  4.3447  4.3250
 109  0.949896  3.7542  4.3170  0.0686  6.5319  4.9716  4.4438  4.3227  4.3035
 110  0.952348  3.7546  4.3111  0.0776  6.5023  4.9473  4.4215  4.3010  4.2823
 111  0.954723  3.7550  4.3051  0.0863  6.4732  4.9235  4.3996  4.2797  4.2613
 112  0.956175  3.7553  4.3013  0.0917  6.4554  4.9086  4.3860  4.2665  4.2484
 113  0.957628  3.7555  4.2974  0.0972  6.4375  4.8938  4.3721  4.2530  4.2352
 114  0.959077  3.7558  4.2935  0.1027  6.4195  4.8788  4.3583  4.2395  4.2220
 115  0.960525  3.7560  4.2895  0.1083  6.4016  4.8636  4.3442  4.2258  4.2085
 116  0.961972  3.7562  4.2854  0.1140  6.3838  4.8486  4.3300  4.2119  4.1949
 117  0.963415  3.7564  4.2812  0.1197  6.3659  4.8334  4.3159  4.1981  4.1813
 118  0.964857  3.7566  4.2769  0.1254  6.3483  4.8181  4.3015  4.1840  4.1675
 119  0.966298  3.7568  4.2726  0.1312  6.3305  4.8028  4.2872  4.1700  4.1536
 120  0.967737  3.7570  4.2682  0.1370  6.3129  4.7873  4.2727  4.1558  4.1397
 121  0.969173  3.7572  4.2638  0.1427  6.2954  4.7720  4.2581  4.1415  4.1255
 122  0.970610  3.7574  4.2592  0.1485  6.2778  4.7565  4.2435  4.1272  4.1114
 123  0.972007  3.7576  4.2547  0.1545  6.2597  4.7408  4.2286  4.1126  4.0971
 124  0.973411  3.7578  4.2501  0.1605  6.2416  4.7249  4.2137  4.0979  4.0827
 125  0.974820  3.7579  4.2455  0.1664  6.2237  4.7091  4.1989  4.0833  4.0682
 126  0.976232  3.7581  4.2408  0.1724  6.2059  4.6933  4.1839  4.0685  4.0537
 127  0.977648  3.7583  4.2361  0.1784  6.1882  4.6775  4.1689  4.0538  4.0391
 128  0.979064  3.7584  4.2311  0.1845  6.1707  4.6617  4.1537  4.0389  4.0244
 129  0.980482  3.7585  4.2262  0.1905  6.1533  4.6460  4.1387  4.0241  4.0095
 130  0.981902  3.7586  4.2212  0.1965  6.1363  4.6303  4.1236  4.0090  3.9947
 131  0.983319  3.7587  4.2161  0.2027  6.1195  4.6146  4.1083  3.9940  3.9797
 132  0.984734  3.7588  4.2108  0.2088  6.1029  4.5990  4.0931  3.9788  3.9646
 133  0.986147  3.7588  4.2055  0.2149  6.0865  4.5835  4.0778  3.9635  3.9494
 134  0.987556  3.7589  4.2001  0.2211  6.0704  4.5678  4.0624  3.9483  3.9341
 135  0.988961  3.7589  4.1946  0.2273  6.0541  4.5522  4.0471  3.9329  3.9188
 136  0.990363  3.7589  4.1889  0.2335  6.0385  4.5367  4.0316  3.9174  3.9033
 137  0.991760  3.7588  4.1833  0.2397  6.0230  4.5212  4.0162  3.9019  3.8877
 138  0.993151  3.7587  4.1773  0.2459  6.0079  4.5059  4.0006  3.8862  3.8720
 139  0.994538  3.7586  4.1714  0.2522  5.9929  4.4904  3.9851  3.8706  3.8562
 140  0.995920  3.7585  4.1653  0.2585  5.9785  4.4752  3.9695  3.8549  3.8403
 141  0.997296  3.7584  4.1591  0.2648  5.9638  4.4598  3.9538  3.8390  3.8243
 142  0.998669  3.7583  4.1528  0.2712  5.9500  4.4448  3.9381  3.8231  3.8082
 143  1.000035  3.7581  4.1463  0.2775  5.9362  4.4296  3.9224  3.8071  3.7920
 144  1.001399  3.7579  4.1398  0.2839  5.9229  4.4145  3.9067  3.7910  3.7756
 145  1.002760  3.7576  4.1330  0.2903  5.9102  4.3997  3.8909  3.7748  3.7591
 146  1.004122  3.7574  4.1260  0.2966  5.8977  4.3848  3.8750  3.7586  3.7425
 147  1.005481  3.7570  4.1187  0.3031  5.8866  4.3703  3.8592  3.7422  3.7257
 148  1.006839  3.7566  4.1113  0.3095  5.8759  4.3559  3.8433  3.7256  3.7087
 149  1.008199  3.7562  4.1036  0.3160  5.8662  4.3417  3.8274  3.7091  3.6916
 150  1.009563  3.7557  4.0956  0.3224  5.8577  4.3278  3.8115  3.6925  3.6742
 151  1.010930  3.7551  4.0874  0.3290  5.8505  4.3141  3.7956  3.6756  3.6568
 152  1.012310  3.7544  4.0788  0.3355  5.8443  4.3006  3.7798  3.6588  3.6392
 153  1.013699  3.7536  4.0697  0.3419  5.8404  4.2878  3.7640  3.6419  3.6213
 154  1.015102  3.7527  4.0601  0.3485  5.8386  4.2755  3.7482  3.6249  3.6032
 155  1.016534  3.7516  4.0501  0.3550  5.8396  4.2639  3.7327  3.6078  3.5850
 156  1.018001  3.7504  4.0392  0.3613  5.8440  4.2535  3.7175  3.5908  3.5664
 157  1.019518  3.7488  4.0272  0.3677  5.8537  4.2448  3.7027  3.5738  3.5476
 158  1.021105  3.7468  4.0138  0.3737  5.8698  4.2394  3.6891  3.5571  3.5283
 159  1.022780  3.7442  3.9985  0.3792  5.8974  4.2392  3.6776  3.5413  3.5093
 160  1.024487  3.7407  3.9812  0.3834  5.9420  4.2474  3.6705  3.5284  3.4919
 161  1.026037  3.7366  3.9634  0.3854  6.0054  4.2650  3.6699  3.5211  3.4792
 162  1.027220  3.7327  3.9488  0.3848  6.0736  4.2886  3.6759  3.5205  3.4736
 163  1.028391  3.7280  3.9318  0.3836  6.1595  4.3195  3.6851  3.5217  3.4687
 164  1.029549  3.7225  3.9124  0.3817  6.2641  4.3582  3.6982  3.5254  3.4651
 165  1.030707  3.7164  3.8891  0.3808  6.3815  4.3996  3.7111  3.5276  3.4588
 166  1.031871  3.7101  3.8613  0.3840  6.4962  4.4343  3.7162  3.5209  3.4435
 167  1.032968  3.7046  3.8302  0.3936  6.5827  4.4490  3.7047  3.4991  3.4136
 168  1.033925  3.7005  3.7991  0.4089  6.6262  4.4400  3.6766  3.4633  3.3718
 169  1.034756  3.6977  3.7700  0.4269  6.6352  4.4162  3.6395  3.4207  3.3246
 170  1.035507  3.6955  3.7428  0.4458  6.6248  4.3841  3.5978  3.3749  3.2755
 171  1.036206  3.6940  3.7170  0.4655  6.6036  4.3467  3.5532  3.3272  3.2253
 172  1.036868  3.6927  3.6921  0.4856  6.5756  4.3059  3.5069  3.2783  3.1742
 173  1.037505  3.6917  3.6681  0.5060  6.5425  4.2628  3.4592  3.2286  3.1228
 174  1.038123  3.6908  3.6445  0.5265  6.5061  4.2178  3.4107  3.1783  3.0711
 175  1.038727  3.6901  3.6213  0.5470  6.4675  4.1716  3.3614  3.1277  3.0193
 176  1.039320  3.6895  3.5985  0.5676  6.4271  4.1245  3.3119  3.0768  2.9674
 177  1.039906  3.6890  3.5761  0.5882  6.3852  4.0769  3.2620  3.0260  2.9157
 178  1.040485  3.6885  3.5538  0.6088  6.3426  4.0287  3.2121  2.9751  2.8640
 179  1.041059  3.6881  3.5317  0.6294  6.2992  3.9805  3.1622  2.9242  2.8123
 180  1.041627  3.6877  3.5098  0.6500  6.2554  3.9320  3.1121  2.8733  2.7607
 181  1.042185  3.6873  3.4877  0.6705  6.2114  3.8834  3.0620  2.8223  2.7091
 182  1.042538  3.6870  3.4736  0.6838  6.1831  3.8523  3.0298  2.7895  2.6758
 183  1.042890  3.6867  3.4593  0.6972  6.1545  3.8207  2.9972  2.7563  2.6421
 184  1.043244  3.6865  3.4449  0.7107  6.1253  3.7886  2.9641  2.7227  2.6081
 185  1.043596  3.6862  3.4302  0.7246  6.0962  3.7563  2.9307  2.6887  2.5736
 186  1.043947  3.6859  3.4148  0.7388  6.0666  3.7230  2.8961  2.6535  2.5378
 187  1.044296  3.6856  3.3988  0.7538  6.0348  3.6877  2.8597  2.6164  2.5002
 188  1.044640  3.6852  3.3818  0.7695  6.0020  3.6509  2.8215  2.5775  2.4607
 189  1.044979  3.6849  3.3639  0.7862  5.9670  3.6117  2.7809  2.5361  2.4188
 190  1.045311  3.6845  3.3444  0.8042  5.9300  3.5697  2.7373  2.4916  2.3736
 191  1.045640  3.6840  3.3242  0.8228  5.8928  3.5268  2.6924  2.4458  2.3270
 192  1.045962  3.6835  3.3027  0.8424  5.8536  3.4816  2.6450  2.3973  2.2777
 193  1.046276  3.6830  3.2798  0.8632  5.8133  3.4340  2.5950  2.3462  2.2256
 194  1.046585  3.6824  3.2564  0.8846  5.7716  3.3851  2.5436  2.2934  2.1719
 195  1.046886  3.6818  3.2316  0.9068  5.7288  3.3340  2.4898  2.2384  2.1157
 196  1.047182  3.6811  3.2060  0.9299  5.6852  3.2817  2.4345  2.1816  2.0579
 197  1.047471  3.6804  3.1796  0.9536  5.6412  3.2283  2.3778  2.1234  1.9983
 198  1.047750  3.6796  3.1520  0.9782  5.5971  3.1734  2.3192  2.0630  1.9366
 199  1.048023  3.6788  3.1234  1.0035  5.5523  3.1172  2.2591  2.0009  1.8731
 200  1.048289  3.6779  3.0942  1.0294  5.5073  3.0599  2.1975  1.9374  1.8082
 201  1.048547  3.6769  3.0639  1.0559  5.4620  3.0014  2.1346  1.8724  1.7415
 202  1.048796  3.6759  3.0328  1.0831  5.4168  2.9418  2.0702  1.8058  1.6731
 203  1.049036  3.6749  3.0009  1.1110  5.3713  2.8812  2.0044  1.7376  1.6031
 204  1.049270  3.6737  2.9681  1.1393  5.3271  2.8203  1.9379  1.6685  1.5321
 205  1.049493  3.6725  2.9343  1.1683  5.2832  2.7586  1.8702  1.5979  1.4594
 206  1.049708  3.6714  2.8998  1.1978  5.2393  2.6960  1.8013  1.5260  1.3854
 207  1.049915  3.6700  2.8647  1.2277  5.1959  2.6329  1.7316  1.4532  1.3102
 208  1.050113  3.6686  2.8288  1.2582  5.1529  2.5693  1.6611  1.3795  1.2339
 209  1.050302  3.6672  2.7924  1.2891  5.1102  2.5050  1.5897  1.3046  1.1567
 210  1.050485  3.6657  2.7553  1.3203  5.0684  2.4407  1.5179  1.2292  1.0786
 211  1.050659  3.6642  2.7177  1.3517  5.0272  2.3759  1.4455  1.1531  0.9997
 212  1.050829  3.6626  2.6802  1.3832  4.9871  2.3116  1.3733  1.0771  0.9210
 213  1.050991  3.6610  2.6427  1.4145  4.9489  2.2484  1.3018  1.0017  0.8428
 214  1.051149  3.6594  2.6035  1.4470  4.9107  2.1835  1.2279  0.9236  0.7617
 215  1.051315  3.6575  2.5604  1.4828  4.8700  2.1128  1.1474  0.8379  0.6725
 216  1.051560  3.6560  2.5249  1.5125  4.8345  2.0534  1.0801  0.7667  0.5984
 217  1.051591  3.6562  2.5257  1.5120  4.8338  2.0539  1.0811  0.7678  0.5997
 218  1.051621  3.6563  2.5281  1.5102  4.8344  2.0569  1.0849  0.7720  0.6041
 219  1.051646  3.6565  2.5316  1.5075  4.8357  2.0614  1.0905  0.7782  0.6108
 220  1.051670  3.6567  2.5359  1.5042  4.8379  2.0673  1.0977  0.7861  0.6190
 221  1.051691  3.6570  2.5406  1.5005  4.8404  2.0739  1.1058  0.7948  0.6283
 222  1.051709  3.6573  2.5456  1.4966  4.8437  2.0813  1.1145  0.8043  0.6382
 223  1.051727  3.6575  2.5509  1.4923  4.8470  2.0890  1.1237  0.8142  0.6486
 224  1.051742  3.6578  2.5564  1.4880  4.8506  2.0970  1.1333  0.8244  0.6595
 225  1.051757  3.6581  2.5621  1.4835  4.8542  2.1053  1.1430  0.8351  0.6705
 226  1.051770  3.6584  2.5678  1.4789  4.8581  2.1139  1.1533  0.8461  0.6821
 227  1.052030  3.6596  2.5863  1.4653  4.8620  2.1362  1.1820  0.8780  0.7161
 228  1.052302  3.6560  2.5053  1.5320  4.7897  2.0052  1.0316  0.7180  0.5497
 229  1.052535  3.6524  2.4281  1.5947  4.7295  1.8860  0.8924  0.5691  0.3938
 230  1.052740  3.6487  2.3526  1.6558  4.6750  1.7721  0.7581  0.4245  0.2421
 231  1.052919  3.6451  2.2793  1.7148  4.6268  1.6644  0.6301  0.2857  0.0962
 232  1.053076  3.6414  2.2064  1.7732  4.5828  1.5597  0.5049  0.1492 -0.0479
 233  1.053213  3.6378  2.1361  1.8291  4.5445  1.4617  0.3864  0.0190 -0.1857
 234  1.053333  3.6342  2.0665  1.8842  4.5101  1.3673  0.2718 -0.1082 -0.3212
 235  1.053438  3.6306  1.9995  1.9372  4.4797  1.2782  0.1633 -0.2299 -0.4512
 236  1.053533  3.6269  1.9317  1.9900  4.4538  1.1922  0.0575 -0.3503 -0.5808
 237  1.053617  3.6232  1.8656  2.0414  4.4306  1.1107 -0.0427 -0.4661 -0.7066
 238  1.053691  3.6196  1.8010  2.0915  4.4088  1.0334 -0.1380 -0.5780 -0.8290
 239  1.053758  3.6159  1.7372  2.1407  4.3882  0.9597 -0.2288 -0.6867 -0.9491
 240  1.053818  3.6123  1.6745  2.1889  4.3684  0.8898 -0.3149 -0.7923 -1.0666
 241  1.053871  3.6087  1.6135  2.2358  4.3492  0.8240 -0.3954 -0.8936 -1.1809
 242  1.053920  3.6053  1.5534  2.2817  4.3305  0.7619 -0.4707 -0.9918 -1.2928
 243  1.053963  3.6018  1.4945  2.3268  4.3132  0.7041 -0.5398 -1.0865 -1.4025
 244  1.054002  3.5983  1.4368  2.3704  4.2995  0.6528 -0.6013 -1.1764 -1.5088
 245  1.054037  3.5948  1.3799  2.4135  4.2842  0.6047 -0.6586 -1.2639 -1.6133
 246  1.054069  3.5914  1.3240  2.4556  4.2666  0.5599 -0.7118 -1.3484 -1.7151
 247  1.054099  3.5880  1.2699  2.4963  4.2460  0.5185 -0.7615 -1.4293 -1.8130
 248  1.054125  3.5846  1.2164  2.5363  4.2251  0.4814 -0.8047 -1.5070 -1.9090
 249  1.054150  3.5813  1.1641  2.5754  4.2048  0.4487 -0.8405 -1.5813 -2.0027
 250  1.054172  3.5781  1.1130  2.6134  4.1858  0.4207 -0.8675 -1.6517 -2.0938
 251  1.054192  3.5748  1.0623  2.6511  4.1665  0.3965 -0.8875 -1.7196 -2.1838
 252  1.054211  3.5716  1.0136  2.6872  4.1483  0.3783 -0.8994 -1.7825 -2.2694
 253  1.054228  3.5684  0.9651  2.7228  4.1307  0.3660 -0.9031 -1.8422 -2.3533
 254  1.054244  3.5652  0.9175  2.7576  4.1137  0.3593 -0.8988 -1.8985 -2.4352
 255  1.054258  3.5620  0.8710  2.7915  4.0984  0.3589 -0.8873 -1.9502 -2.5137
 256  1.054272  3.5589  0.8255  2.8245  4.0845  0.3657 -0.8671 -1.9973 -2.5890
 257  1.054285  3.5558  0.7810  2.8568  4.0741  0.3792 -0.8400 -2.0398 -2.6607
 258  1.054297  3.5528  0.7372  2.8883  4.0668  0.3987 -0.8065 -2.0786 -2.7296
 259  1.054308  3.5497  0.6943  2.9192  4.0586  0.4273 -0.7584 -2.1118 -2.7951
 260  1.054318  3.5468  0.6526  2.9490  4.0475  0.4653 -0.6944 -2.1387 -2.8564
 261  1.054328  3.5440  0.6116  2.9784  4.0305  0.5221 -0.5957 -2.1563 -2.9140
 262  1.054337  3.5410  0.5712  3.0071  4.0001  0.5942 -0.4596 -2.1645 -2.9665
 263  1.054345  3.5382  0.5318  3.0351  3.9662  0.6749 -0.3115 -2.1665 -3.0145
 264  1.054353  3.5354  0.4933  3.0625  3.9316  0.7706 -0.1461 -2.1590 -3.0566
 265  1.054360  3.5326  0.4553  3.0893  3.8988  0.8912  0.0484 -2.1373 -3.0911
 266  1.054367  3.5298  0.4182  3.1154  3.8748  1.0268  0.2341 -2.1042 -3.1152
 267  1.054374  3.5271  0.3817  3.1409  3.8555  1.1627  0.4007 -2.0684 -3.1345
 268  1.054380  3.5244  0.3462  3.1658  3.8399  1.2903  0.5396 -2.0342 -3.1508
 269  1.054385  3.5218  0.3114  3.1901  3.8286  1.4090  0.6498 -2.0017 -3.1646
 270  1.054391  3.5192  0.2772  3.2139  3.8214  1.5145  0.7271 -1.9736 -3.1775
 271  1.054396  3.5166  0.2439  3.2370  3.8222  1.5949  0.7506 -1.9562 -3.1922
 272  1.054401  3.5138  0.2100  3.2598  3.8306  1.6765  0.7568 -1.9349 -3.2024
 273  1.054406  3.5113  0.1777  3.2818  3.8383  1.7420  0.7449 -1.9198 -3.2143
 274  1.054410  3.5088  0.1461  3.3035  3.8464  1.7995  0.7232 -1.9068 -3.2263
 275  1.054415  3.5063  0.1151  3.3246  3.8553  1.8524  0.6969 -1.8935 -3.2373
 276  1.054419  3.5039  0.0848  3.3453  3.8657  1.9013  0.6821 -1.8786 -3.2476
 277  1.054422  3.5015  0.0556  3.3651  3.8636  1.9397  0.6652 -1.8660 -3.2587
 278  1.054426  3.4992  0.0275  3.3841  3.8608  1.9737  0.6490 -1.8536 -3.2689
 279  1.054457  3.4974  0.0044  3.3997  3.8566  1.9974  0.6343 -1.8455 -3.2787
