#NUMBER OF AGES= 1 MAGS= 5
#----------------------------------------------------       
#MIX-LEN  Y      Z          Zeff        [Fe/H] [a/Fe]
# 1.9380  0.2734 1.8453E-02 1.8453E-02   0.06   0.00 
#----------------------------------------------------       
#**PHOTOMETRIC SYSTEM**: SDSS (AB)
#----------------------------------------------------       
#AGE= 9.000 EEPS=268
#EEP   M/Mo    LogTeff  LogG   LogL/Lo sdss_u  sdss_g  sdss_r  sdss_i  sdss_z
  12  0.124209  3.5051  5.2127 -2.7068 17.6754 14.5621 13.0603 11.7993 11.0784
  13  0.147583  3.5056  5.1421 -2.5591 17.2397 14.1752 12.6838 11.4291 10.7101
  14  0.177846  3.5094  5.0850 -2.4060 16.7220 13.7216 12.2495 11.0264 10.3237
  15  0.202374  3.5136  5.0513 -2.2996 16.3371 13.3845 11.9300 10.7392 10.0543
  16  0.220064  3.5162  5.0282 -2.2295 16.0886 13.1648 11.7218 10.5507  9.8770
  17  0.235581  3.5185  5.0096 -2.1721 15.8847 12.9835 11.5503 10.3959  9.7320
  18  0.251228  3.5207  4.9922 -2.1179 15.6946 12.8132 11.3892 10.2500  9.5950
  19  0.272161  3.5236  4.9721 -2.0515 15.4642 12.6045 11.1920 10.0714  9.4275
  20  0.290315  3.5260  4.9556 -1.9974 15.2780 12.4347 11.0316  9.9259  9.2912
  21  0.301736  3.5274  4.9447 -1.9639 15.1640 12.3304 10.9329  9.8362  9.2069
  22  0.308656  3.5283  4.9377 -1.9436 15.0960 12.2679 10.8738  9.7821  9.1558
  23  0.313807  3.5289  4.9324 -1.9287 15.0466 12.2225 10.8308  9.7426  9.1185
  24  0.317647  3.5293  4.9284 -1.9177 15.0099 12.1886 10.7987  9.7131  9.0906
  25  0.320681  3.5298  4.9250 -1.9086 14.9795 12.1607 10.7724  9.6889  9.0679
  26  0.323197  3.5301  4.9223 -1.9013 14.9560 12.1389 10.7517  9.6698  9.0498
  27  0.325609  3.5304  4.9202 -1.8947 14.9338 12.1184 10.7323  9.6522  9.0334
  28  0.328370  3.5307  4.9177 -1.8873 14.9087 12.0953 10.7103  9.6323  9.0145
  29  0.332061  3.5311  4.9154 -1.8784 14.8787 12.0673 10.6840  9.6085  8.9924
  30  0.337150  3.5317  4.9126 -1.8667 14.8386 12.0299 10.6485  9.5765  8.9626
  31  0.345121  3.5327  4.9086 -1.8486 14.7772 11.9724 10.5940  9.5278  8.9175
  32  0.440445  3.5489  4.8295 -1.5982 13.9103 11.1498  9.8154  8.8421  8.2923
  33  0.459006  3.5533  4.8109 -1.5446 13.7272 10.9679  9.6403  8.6912  8.1597
  34  0.477594  3.5577  4.7919 -1.4904 13.5429 10.7827  9.4619  8.5395  8.0263
  35  0.493234  3.5619  4.7761 -1.4440 13.3844 10.6201  9.3045  8.4097  7.9130
  36  0.506793  3.5658  4.7627 -1.4032 13.2451 10.4748  9.1630  8.2954  7.8143
  37  0.517991  3.5693  4.7519 -1.3690 13.1277 10.3506  9.0416  8.1986  7.7316
  38  0.528472  3.5727  4.7418 -1.3365 13.0163 10.2313  8.9245  8.1056  7.6531
  39  0.539948  3.5767  4.7309 -1.3005 12.8933 10.0978  8.7931  8.0024  7.5667
  40  0.554052  3.5817  4.7179 -1.2561 12.7404  9.9306  8.6274  7.8742  7.4608
  41  0.570286  3.5879  4.7032 -1.2043 12.5589  9.7305  8.4286  7.7230  7.3379
  42  0.587221  3.5947  4.6885 -1.1496 12.3718  9.5190  8.2228  7.5643  7.2078
  43  0.603661  3.6017  4.6749 -1.0962 12.1926  9.3128  8.0277  7.4113  7.0809
  44  0.619156  3.6086  4.6631 -1.0455 12.0087  9.1078  7.8331  7.2632  6.9622
  45  0.634710  3.6159  4.6520 -0.9944 11.8188  8.8976  7.6368  7.1140  6.8425
  46  0.650522  3.6237  4.6415 -0.9423 11.6201  8.6824  7.4419  6.9636  6.7202
  47  0.665905  3.6315  4.6321 -0.8916 11.3991  8.4629  7.2518  6.8164  6.5996
  48  0.680350  3.6391  4.6241 -0.8436 11.1621  8.2516  7.0749  6.6776  6.4843
  49  0.694149  3.6464  4.6165 -0.7981 10.9143  8.0492  6.9110  6.5462  6.3722
  50  0.707284  3.6535  4.6096 -0.7549 10.6638  7.8573  6.7605  6.4228  6.2642
  51  0.719492  3.6601  4.6032 -0.7146 10.4169  7.6791  6.6250  6.3097  6.1636
  52  0.725953  3.6636  4.5999 -0.6934 10.2842  7.5858  6.5551  6.2506  6.1103
  53  0.732361  3.6671  4.5965 -0.6723 10.1538  7.4942  6.4867  6.1923  6.0574
  54  0.738736  3.6705  4.5930 -0.6514 10.0250  7.4045  6.4199  6.1350  6.0051
  55  0.745065  3.6738  4.5893 -0.6308  9.8981  7.3171  6.3548  6.0788  5.9536
  56  0.751364  3.6770  4.5857 -0.6103  9.7728  7.2319  6.2910  6.0233  5.9027
  57  0.757621  3.6802  4.5817 -0.5899  9.6495  7.1484  6.2284  5.9687  5.8524
  58  0.763823  3.6834  4.5777 -0.5698  9.5277  7.0665  6.1668  5.9149  5.8029
  59  0.769951  3.6864  4.5735 -0.5498  9.4089  6.9868  6.1067  5.8622  5.7545
  60  0.776027  3.6895  4.5694 -0.5302  9.2939  6.9090  6.0480  5.8103  5.7068
  61  0.782038  3.6925  4.5651 -0.5108  9.1854  6.8341  5.9908  5.7597  5.6601
  62  0.787976  3.6953  4.5608 -0.4919  9.0822  6.7615  5.9353  5.7102  5.6145
  63  0.793861  3.6981  4.5564 -0.4732  8.9820  6.6915  5.8812  5.6617  5.5699
  64  0.799667  3.7007  4.5520 -0.4550  8.8825  6.6235  5.8286  5.6146  5.5266
  65  0.805424  3.7033  4.5475 -0.4371  8.7835  6.5577  5.7774  5.5687  5.4843
  66  0.811154  3.7058  4.5429 -0.4195  8.6862  6.4937  5.7274  5.5237  5.4428
  67  0.816813  3.7082  4.5383 -0.4023  8.5915  6.4316  5.6787  5.4799  5.4024
  68  0.822392  3.7105  4.5337 -0.3854  8.5000  6.3714  5.6313  5.4371  5.3627
  69  0.827869  3.7128  4.5290 -0.3688  8.4113  6.3129  5.5851  5.3952  5.3239
  70  0.833237  3.7150  4.5242 -0.3524  8.3249  6.2560  5.5399  5.3543  5.2858
  71  0.838479  3.7171  4.5195 -0.3363  8.2410  6.2007  5.4958  5.3141  5.2486
  72  0.843604  3.7191  4.5144 -0.3205  8.1596  6.1466  5.4525  5.2746  5.2119
  73  0.848571  3.7211  4.5094 -0.3050  8.0805  6.0942  5.4104  5.2360  5.1760
  74  0.853407  3.7231  4.5043 -0.2898  8.0035  6.0433  5.3690  5.1980  5.1406
  75  0.858122  3.7249  4.4992 -0.2748  7.9285  5.9937  5.3286  5.1608  5.1059
  76  0.862719  3.7267  4.4940 -0.2601  7.8553  5.9458  5.2891  5.1242  5.0716
  77  0.867214  3.7285  4.4888 -0.2455  7.7840  5.8990  5.2504  5.0883  5.0378
  78  0.871612  3.7302  4.4835 -0.2313  7.7149  5.8533  5.2125  5.0531  5.0048
  79  0.875929  3.7318  4.4781 -0.2173  7.6478  5.8087  5.1753  5.0185  4.9723
  80  0.880163  3.7333  4.4727 -0.2035  7.5830  5.7650  5.1389  4.9846  4.9403
  81  0.884328  3.7349  4.4672 -0.1898  7.5204  5.7221  5.1032  4.9514  4.9090
  82  0.888339  3.7363  4.4618 -0.1768  7.4609  5.6809  5.0689  4.9195  4.8788
  83  0.892290  3.7377  4.4563 -0.1639  7.4031  5.6406  5.0351  4.8881  4.8491
  84  0.896181  3.7390  4.4508 -0.1511  7.3471  5.6011  5.0020  4.8572  4.8198
  85  0.900015  3.7402  4.4452 -0.1385  7.2927  5.5626  4.9695  4.8268  4.7909
  86  0.903783  3.7415  4.4396 -0.1262  7.2397  5.5247  4.9376  4.7968  4.7625
  87  0.907477  3.7427  4.4341 -0.1140  7.1883  5.4878  4.9062  4.7674  4.7346
  88  0.911099  3.7439  4.4284 -0.1021  7.1384  5.4517  4.8755  4.7385  4.7071
  89  0.914648  3.7450  4.4227 -0.0903  7.0901  5.4165  4.8455  4.7101  4.6800
  90  0.918113  3.7460  4.4170 -0.0788  7.0434  5.3822  4.8160  4.6823  4.6536
  91  0.921506  3.7470  4.4114 -0.0676  6.9979  5.3487  4.7871  4.6550  4.6275
  92  0.924826  3.7480  4.4056 -0.0565  6.9538  5.3159  4.7588  4.6282  4.6019
  93  0.928075  3.7489  4.4000 -0.0456  6.9110  5.2840  4.7312  4.6020  4.5767
  94  0.931256  3.7498  4.3944 -0.0350  6.8692  5.2528  4.7040  4.5763  4.5520
  95  0.934374  3.7506  4.3887 -0.0245  6.8287  5.2224  4.6774  4.5509  4.5276
  96  0.937429  3.7514  4.3831 -0.0141  6.7893  5.1926  4.6513  4.5260  4.5037
  97  0.940436  3.7522  4.3774 -0.0040  6.7509  5.1635  4.6256  4.5015  4.4801
  98  0.943386  3.7529  4.3717  0.0060  6.7136  5.1350  4.6004  4.4774  4.4568
  99  0.946296  3.7536  4.3660  0.0157  6.6774  5.1071  4.5756  4.4537  4.4339
 100  0.949166  3.7543  4.3604  0.0255  6.6418  5.0796  4.5512  4.4303  4.4112
 101  0.952003  3.7549  4.3547  0.0350  6.6074  5.0527  4.5271  4.4071  4.3888
 102  0.954816  3.7555  4.3489  0.0445  6.5739  5.0263  4.5034  4.3843  4.3667
 103  0.957609  3.7561  4.3431  0.0537  6.5411  5.0003  4.4799  4.3617  4.3447
 104  0.960383  3.7566  4.3374  0.0629  6.5094  4.9748  4.4568  4.3393  4.3231
 105  0.963144  3.7571  4.3315  0.0721  6.4784  4.9496  4.4340  4.3173  4.3016
 106  0.965882  3.7576  4.3256  0.0810  6.4483  4.9249  4.4114  4.2955  4.2802
 107  0.968586  3.7580  4.3198  0.0899  6.4190  4.9006  4.3891  4.2739  4.2591
 108  0.971234  3.7584  4.3138  0.0987  6.3905  4.8767  4.3672  4.2525  4.2383
 109  0.973795  3.7588  4.3079  0.1073  6.3627  4.8533  4.3456  4.2315  4.2177
 110  0.976246  3.7592  4.3020  0.1157  6.3353  4.8303  4.3243  4.2108  4.1976
 111  0.978614  3.7596  4.2963  0.1241  6.3085  4.8077  4.3035  4.1906  4.1777
 112  0.980161  3.7598  4.2924  0.1295  6.2910  4.7928  4.2896  4.1771  4.1645
 113  0.981708  3.7601  4.2885  0.1352  6.2734  4.7778  4.2757  4.1636  4.1512
 114  0.983253  3.7603  4.2844  0.1408  6.2557  4.7627  4.2617  4.1499  4.1378
 115  0.984795  3.7605  4.2803  0.1464  6.2381  4.7474  4.2476  4.1360  4.1242
 116  0.986338  3.7607  4.2761  0.1521  6.2205  4.7323  4.2333  4.1222  4.1105
 117  0.987879  3.7609  4.2719  0.1578  6.2030  4.7169  4.2189  4.1081  4.0967
 118  0.989418  3.7611  4.2676  0.1637  6.1853  4.7015  4.2045  4.0939  4.0828
 119  0.990955  3.7613  4.2631  0.1694  6.1678  4.6861  4.1900  4.0797  4.0687
 120  0.992489  3.7615  4.2587  0.1753  6.1502  4.6707  4.1754  4.0654  4.0546
 121  0.994021  3.7616  4.2542  0.1812  6.1329  4.6551  4.1607  4.0510  4.0404
 122  0.995550  3.7618  4.2496  0.1871  6.1155  4.6395  4.1460  4.0365  4.0261
 123  0.997037  3.7620  4.2450  0.1931  6.0976  4.6237  4.1310  4.0218  4.0116
 124  0.998534  3.7622  4.2403  0.1992  6.0797  4.6078  4.1159  4.0070  3.9971
 125  1.000037  3.7623  4.2356  0.2051  6.0618  4.5918  4.1008  3.9921  3.9824
 126  1.001542  3.7625  4.2308  0.2113  6.0441  4.5759  4.0857  3.9773  3.9677
 127  1.003052  3.7627  4.2260  0.2173  6.0266  4.5600  4.0705  3.9623  3.9529
 128  1.004562  3.7628  4.2210  0.2234  6.0092  4.5440  4.0552  3.9473  3.9380
 129  1.006072  3.7629  4.2161  0.2296  5.9919  4.5282  4.0400  3.9321  3.9230
 130  1.007585  3.7630  4.2110  0.2357  5.9749  4.5122  4.0246  3.9170  3.9080
 131  1.009095  3.7631  4.2057  0.2419  5.9581  4.4964  4.0093  3.9016  3.8927
 132  1.010602  3.7631  4.2004  0.2481  5.9415  4.4806  3.9938  3.8863  3.8774
 133  1.012108  3.7632  4.1950  0.2543  5.9251  4.4648  3.9782  3.8708  3.8619
 134  1.013611  3.7632  4.1894  0.2606  5.9088  4.4489  3.9626  3.8552  3.8464
 135  1.015110  3.7632  4.1837  0.2669  5.8925  4.4331  3.9469  3.8396  3.8307
 136  1.016607  3.7632  4.1780  0.2732  5.8767  4.4173  3.9312  3.8239  3.8149
 137  1.018100  3.7632  4.1722  0.2796  5.8610  4.4015  3.9154  3.8080  3.7990
 138  1.019591  3.7631  4.1662  0.2860  5.8457  4.3859  3.8996  3.7920  3.7829
 139  1.021077  3.7631  4.1601  0.2923  5.8304  4.3702  3.8836  3.7760  3.7669
 140  1.022561  3.7630  4.1539  0.2987  5.8154  4.3545  3.8677  3.7599  3.7505
 141  1.024037  3.7627  4.1476  0.3052  5.8006  4.3389  3.8517  3.7437  3.7341
 142  1.025514  3.7627  4.1411  0.3117  5.7864  4.3234  3.8356  3.7273  3.7176
 143  1.026988  3.7625  4.1345  0.3182  5.7722  4.3078  3.8195  3.7109  3.7009
 144  1.028460  3.7623  4.1277  0.3247  5.7585  4.2924  3.8033  3.6943  3.6841
 145  1.029933  3.7620  4.1208  0.3313  5.7451  4.2770  3.7870  3.6777  3.6672
 146  1.031405  3.7616  4.1137  0.3378  5.7323  4.2619  3.7707  3.6610  3.6500
 147  1.032877  3.7614  4.1063  0.3445  5.7202  4.2469  3.7544  3.6441  3.6327
 148  1.034353  3.7610  4.0986  0.3511  5.7089  4.2320  3.7380  3.6270  3.6151
 149  1.035831  3.7605  4.0908  0.3577  5.6983  4.2174  3.7215  3.6099  3.5975
 150  1.037312  3.7600  4.0825  0.3644  5.6888  4.2031  3.7051  3.5927  3.5795
 151  1.038800  3.7594  4.0740  0.3712  5.6805  4.1892  3.6887  3.5752  3.5614
 152  1.040298  3.7587  4.0653  0.3778  5.6729  4.1754  3.6723  3.5578  3.5430
 153  1.041809  3.7578  4.0558  0.3845  5.6680  4.1625  3.6560  3.5402  3.5245
 154  1.043338  3.7569  4.0461  0.3912  5.6644  4.1498  3.6398  3.5225  3.5057
 155  1.044897  3.7558  4.0356  0.3978  5.6642  4.1382  3.6237  3.5048  3.4867
 156  1.046493  3.7545  4.0245  0.4044  5.6680  4.1272  3.6080  3.4871  3.4675
 157  1.048148  3.7528  4.0122  0.4107  5.6782  4.1183  3.5929  3.4696  3.4481
 158  1.049880  3.7507  3.9985  0.4169  5.6967  4.1122  3.5788  3.4526  3.4286
 159  1.051713  3.7480  3.9826  0.4222  5.7283  4.1117  3.5671  3.4368  3.4095
 160  1.053559  3.7442  3.9649  0.4260  5.7765  4.1212  3.5608  3.4246  3.3926
 161  1.055169  3.7400  3.9477  0.4271  5.8406  4.1410  3.5619  3.4188  3.3814
 162  1.056349  3.7362  3.9340  0.4260  5.9077  4.1653  3.5691  3.4196  3.3773
 163  1.057510  3.7317  3.9185  0.4237  5.9921  4.1971  3.5803  3.4230  3.3749
 164  1.058650  3.7264  3.9010  0.4204  6.0947  4.2371  3.5956  3.4294  3.3742
 165  1.059784  3.7204  3.8806  0.4177  6.2107  4.2811  3.6120  3.4354  3.3723
 166  1.060926  3.7142  3.8560  0.4178  6.3286  4.3213  3.6233  3.4356  3.3637
 167  1.062038  3.7085  3.8284  0.4231  6.4268  4.3471  3.6219  3.4238  3.3439
 168  1.063070  3.7040  3.7999  0.4337  6.4937  4.3530  3.6063  3.3994  3.3128
 169  1.063984  3.7006  3.7723  0.4482  6.5254  4.3412  3.5786  3.3654  3.2737
 170  1.064787  3.6982  3.7464  0.4648  6.5291  4.3170  3.5435  3.3256  3.2302
 171  1.065518  3.6964  3.7219  0.4824  6.5166  4.2861  3.5045  3.2831  3.1849
 172  1.066202  3.6950  3.6984  0.5005  6.4959  4.2511  3.4632  3.2392  3.1387
 173  1.066855  3.6938  3.6758  0.5189  6.4695  4.2134  3.4206  3.1943  3.0920
 174  1.067484  3.6929  3.6537  0.5375  6.4389  4.1737  3.3769  3.1488  3.0448
 175  1.068096  3.6921  3.6321  0.5562  6.4059  4.1328  3.3326  3.1028  2.9976
 176  1.068695  3.6914  3.6109  0.5749  6.3704  4.0908  3.2878  3.0566  2.9502
 177  1.069285  3.6908  3.5900  0.5938  6.3333  4.0481  3.2427  3.0104  2.9029
 178  1.069866  3.6903  3.5693  0.6125  6.2955  4.0048  3.1973  2.9640  2.8557
 179  1.070442  3.6898  3.5489  0.6314  6.2572  3.9612  3.1519  2.9175  2.8084
 180  1.071011  3.6894  3.5287  0.6501  6.2180  3.9174  3.1063  2.8711  2.7613
 181  1.071572  3.6890  3.5086  0.6688  6.1787  3.8736  3.0609  2.8248  2.7143
 182  1.071970  3.6887  3.4941  0.6823  6.1506  3.8420  3.0283  2.7917  2.6806
 183  1.072368  3.6884  3.4795  0.6959  6.1219  3.8102  2.9953  2.7579  2.6464
 184  1.072767  3.6881  3.4647  0.7097  6.0927  3.7778  2.9618  2.7239  2.6119
 185  1.073167  3.6878  3.4498  0.7235  6.0633  3.7451  2.9279  2.6894  2.5769
 186  1.073567  3.6875  3.4344  0.7379  6.0335  3.7116  2.8931  2.6539  2.5409
 187  1.073966  3.6872  3.4185  0.7528  6.0020  3.6768  2.8570  2.6172  2.5036
 188  1.074363  3.6869  3.4020  0.7681  5.9699  3.6408  2.8198  2.5793  2.4651
 189  1.074756  3.6865  3.3845  0.7844  5.9357  3.6026  2.7801  2.5390  2.4242
 190  1.075143  3.6861  3.3657  0.8018  5.8999  3.5620  2.7379  2.4959  2.3805
 191  1.075526  3.6857  3.3459  0.8200  5.8627  3.5197  2.6937  2.4508  2.3347
 192  1.075902  3.6852  3.3247  0.8395  5.8235  3.4748  2.6469  2.4029  2.2859
 193  1.076266  3.6847  3.3018  0.8604  5.7826  3.4268  2.5964  2.3513  2.2334
 194  1.076627  3.6841  3.2783  0.8818  5.7402  3.3774  2.5446  2.2983  2.1795
 195  1.076978  3.6835  3.2532  0.9044  5.6968  3.3258  2.4902  2.2426  2.1227
 196  1.077322  3.6828  3.2273  0.9278  5.6524  3.2726  2.4341  2.1849  2.0639
 197  1.077659  3.6821  3.2004  0.9519  5.6075  3.2181  2.3763  2.1255  2.0032
 198  1.077986  3.6813  3.1723  0.9769  5.5622  3.1619  2.3164  2.0640  1.9403
 199  1.078306  3.6804  3.1433  1.0028  5.5160  3.1044  2.2550  2.0006  1.8755
 200  1.078617  3.6795  3.1132  1.0293  5.4695  3.0456  2.1918  1.9355  1.8089
 201  1.078917  3.6787  3.0822  1.0566  5.4228  2.9854  2.1271  1.8686  1.7403
 202  1.079208  3.6775  3.0502  1.0846  5.3761  2.9241  2.0609  1.8000  1.6700
 203  1.079489  3.6766  3.0175  1.1132  5.3288  2.8616  1.9932  1.7300  1.5981
 204  1.079760  3.6754  2.9836  1.1424  5.2826  2.7984  1.9243  1.6584  1.5246
 205  1.080020  3.6741  2.9487  1.1724  5.2374  2.7346  1.8543  1.5855  1.4495
 206  1.080269  3.6728  2.9131  1.2029  5.1924  2.6701  1.7831  1.5113  1.3730
 207  1.080509  3.6714  2.8766  1.2339  5.1475  2.6047  1.7108  1.4358  1.2951
 208  1.080737  3.6700  2.8394  1.2654  5.1030  2.5387  1.6376  1.3592  1.2159
 209  1.080956  3.6685  2.8015  1.2975  5.0590  2.4721  1.5636  1.2816  1.1358
 210  1.081165  3.6669  2.7629  1.3298  5.0157  2.4053  1.4889  1.2032  1.0546
 211  1.081367  3.6653  2.7239  1.3626  4.9732  2.3380  1.4137  1.1240  0.9726
 212  1.081559  3.6637  2.6843  1.3957  4.9313  2.2706  1.3379  1.0441  0.8898
 213  1.081747  3.6620  2.6451  1.4283  4.8912  2.2044  1.2631  0.9654  0.8080
 214  1.081924  3.6604  2.6058  1.4610  4.8527  2.1390  1.1887  0.8869  0.7266
 215  1.082106  3.6584  2.5626  1.4967  4.8126  2.0685  1.1083  0.8013  0.6376
 216  1.082339  3.6566  2.5197  1.5323  4.7723  1.9981  1.0280  0.7161  0.5488
 217  1.082360  3.6566  2.5185  1.5334  4.7703  1.9957  1.0254  0.7134  0.5460
 218  1.082380  3.6566  2.5177  1.5342  4.7685  1.9938  1.0235  0.7114  0.5441
 219  1.082402  3.6566  2.5174  1.5347  4.7668  1.9924  1.0222  0.7102  0.5429
 220  1.082424  3.6566  2.5173  1.5349  4.7656  1.9916  1.0216  0.7097  0.5424
 221  1.082450  3.6567  2.5178  1.5346  4.7649  1.9917  1.0220  0.7102  0.5431
 222  1.082478  3.6567  2.5191  1.5336  4.7652  1.9934  1.0242  0.7127  0.5457
 223  1.082505  3.6568  2.5217  1.5316  4.7668  1.9971  1.0286  0.7175  0.5506
 224  1.082527  3.6571  2.5250  1.5289  4.7692  2.0020  1.0345  0.7237  0.5572
 225  1.082543  3.6572  2.5285  1.5261  4.7717  2.0073  1.0407  0.7304  0.5642
 226  1.082555  3.6574  2.5321  1.5232  4.7743  2.0128  1.0472  0.7373  0.5715
 227  1.082809  3.6609  2.5971  1.4721  4.8122  2.1059  1.1590  0.8582  0.6987
 228  1.083113  3.6576  2.5248  1.5316  4.7486  1.9895  1.0251  0.7159  0.5504
 229  1.083378  3.6540  2.4469  1.5950  4.6868  1.8680  0.8836  0.5647  0.3924
 230  1.083606  3.6504  2.3723  1.6553  4.6328  1.7552  0.7508  0.4220  0.2427
 231  1.083810  3.6467  2.2979  1.7151  4.5831  1.6453  0.6203  0.2809  0.0945
 232  1.083986  3.6431  2.2262  1.7726  4.5395  1.5420  0.4967  0.1463 -0.0474
 233  1.084141  3.6395  2.1561  1.8283  4.5012  1.4438  0.3782  0.0163 -0.1848
 234  1.084277  3.6359  2.0865  1.8835  4.4661  1.3485  0.2625 -0.1115 -0.3206
 235  1.084398  3.6323  2.0188  1.9370  4.4351  1.2582  0.1523 -0.2346 -0.4519
 236  1.084504  3.6286  1.9521  1.9891  4.4095  1.1729  0.0473 -0.3534 -0.5796
 237  1.084599  3.6250  1.8861  2.0405  4.3863  1.0907 -0.0540 -0.4698 -0.7056
 238  1.084684  3.6214  1.8215  2.0905  4.3649  1.0127 -0.1503 -0.5819 -0.8278
 239  1.084760  3.6177  1.7578  2.1397  4.3450  0.9383 -0.2422 -0.6912 -0.9480
 240  1.084828  3.6141  1.6950  2.1879  4.3260  0.8676 -0.3296 -0.7973 -1.0658
 241  1.084889  3.6106  1.6339  2.2348  4.3075  0.8011 -0.4115 -0.8991 -1.1799
 242  1.084943  3.6070  1.5740  2.2806  4.2893  0.7381 -0.4883 -0.9976 -1.2916
 243  1.084992  3.6036  1.5156  2.3253  4.2717  0.6792 -0.5594 -1.0923 -1.4004
 244  1.085036  3.6000  1.4576  2.3694  4.2577  0.6256 -0.6237 -1.1839 -1.5077
 245  1.085077  3.5966  1.4009  2.4122  4.2439  0.5768 -0.6823 -1.2713 -1.6118
 246  1.085113  3.5932  1.3455  2.4540  4.2284  0.5314 -0.7363 -1.3556 -1.7130
 247  1.085147  3.5898  1.2913  2.4947  4.2099  0.4891 -0.7871 -1.4371 -1.8113
 248  1.085177  3.5865  1.2382  2.5346  4.1896  0.4503 -0.8332 -1.5153 -1.9068
 249  1.085204  3.5832  1.1860  2.5737  4.1696  0.4158 -0.8725 -1.5905 -2.0006
 250  1.085230  3.5799  1.1346  2.6119  4.1504  0.3857 -0.9038 -1.6622 -2.0921
 251  1.085253  3.5767  1.0846  2.6491  4.1318  0.3598 -0.9273 -1.7304 -2.1813
 252  1.085274  3.5735  1.0354  2.6855  4.1136  0.3386 -0.9435 -1.7952 -2.2682
 253  1.085294  3.5703  0.9872  2.7211  4.0961  0.3230 -0.9521 -1.8562 -2.3522
 254  1.085312  3.5671  0.9401  2.7556  4.0793  0.3136 -0.9521 -1.9131 -2.4334
 255  1.085328  3.5640  0.8936  2.7896  4.0634  0.3089 -0.9461 -1.9671 -2.5130
 256  1.085344  3.5609  0.8481  2.8226  4.0491  0.3112 -0.9315 -2.0164 -2.5892
 257  1.085358  3.5579  0.8038  2.8547  4.0364  0.3209 -0.9078 -2.0606 -2.6617
 258  1.085371  3.5549  0.7601  2.8862  4.0278  0.3357 -0.8806 -2.1016 -2.7316
 259  1.085384  3.5519  0.7173  2.9172  4.0207  0.3576 -0.8427 -2.1381 -2.7986
 260  1.085395  3.5490  0.6756  2.9471  4.0121  0.3882 -0.7910 -2.1690 -2.8616
 261  1.085406  3.5460  0.6346  2.9764  4.0003  0.4297 -0.7212 -2.1935 -2.9210
 262  1.085417  3.5432  0.5945  3.0050  3.9792  0.4913 -0.6100 -2.2077 -2.9762
 263  1.085427  3.5403  0.5551  3.0331  3.9481  0.5654 -0.4710 -2.2137 -3.0267
 264  1.085436  3.5375  0.5165  3.0604  3.9145  0.6486 -0.3203 -2.2133 -3.0724
 265  1.085444  3.5348  0.4788  3.0871  3.8807  0.7519 -0.1446 -2.2009 -3.1116
 266  1.085452  3.5320  0.4418  3.1132  3.8496  0.8724  0.0455 -2.1778 -3.1437
 267  1.085459  3.5293  0.4055  3.1387  3.8274  1.0075  0.2250 -2.1438 -3.1658
 268  1.085466  3.5267  0.3702  3.1635  3.8093  1.1392  0.3831 -2.1089 -3.1839
 269  1.085473  3.5240  0.3353  3.1879  3.7948  1.2647  0.5163 -2.0748 -3.1992
 270  1.085479  3.5214  0.3012  3.2117  3.7843  1.3796  0.6199 -2.0434 -3.2126
 271  1.085485  3.5189  0.2679  3.2348  3.7782  1.4794  0.6882 -2.0173 -3.2253
 272  1.085491  3.5163  0.2348  3.2576  3.7807  1.5609  0.7102 -1.9984 -3.2384
 273  1.085496  3.5136  0.2020  3.2798  3.7890  1.6390  0.7142 -1.9783 -3.2485
 274  1.085501  3.5112  0.1704  3.3014  3.7959  1.7015  0.7011 -1.9645 -3.2608
 275  1.085506  3.5087  0.1396  3.3225  3.8045  1.7585  0.6800 -1.9509 -3.2718
 276  1.085511  3.5064  0.1095  3.3430  3.8129  1.8096  0.6543 -1.9381 -3.2826
 277  1.085515  3.5041  0.0801  3.3630  3.8223  1.8572  0.6397 -1.9234 -3.2925
 278  1.085519  3.5018  0.0520  3.3820  3.8209  1.8949  0.6241 -1.9109 -3.3027
 279  1.085520  3.4999  0.0286  3.3980  3.8179  1.9223  0.6100 -1.9016 -3.3120
